$ANSIBLE_VAULT;1.1;AES256
37396465396439303933386231373832353635613730393464613464616331373862653664343738
6366633838653165613262613632643761373530363337350a656566653035363536333439383361
66316663376238306161313439313262376439653532396165376537653439363933323238363737
6465323161343332310a643337343936353938656432366531623032393135353736353131653833
64316231613662643630313133323339613030336639656464323166623435356163633961323261
64363130393030356238666137386666666230303466353163613235306564663862396632373939
36336338343165303935633662633261303838333532386661386330643961623563303437616633
30303634363239633636396333653535346230336463343135646662336539646233393835613038
30383036386537336634343738343238396434613739306131646562666361386133323838376665
61313836626162323565666665633865313866323134306438356563313938656530363366316639
61343136633535303230383433343665306561303566663166626439373761636334613065386238
32346234343762663834303030616265353165663162656135623232373464323331363131383666
37623235326234343937616661663462366630326330643839653763396436323937376330323763
33306530303635663462663430313230613662626239363961333634663264343466643161346561
37313637633033616564616561643861653733306462666662336265616239323666653564633431
62656530303330663333363931613236373136643136383732333364373733316130323663363639
66336161633437386563633135393032613461343137613039353162643866616131306463343033
39626533376333636431316132313237383664313739313230326365653935353138313063373163
61653032303830663263383531373633643731613863316363663866373266383430393263343838
36303038653566653665616232393062663635626234623736366336353666366566643361306361
64643830393733306339646164363963656338303861636230376364643031613335303732633931
30323634306635633962393131313965613138333463336333626466633035663362303163343565
66643861363536656634643937356534663866326336633764323333363338383437303934353832
66323464343530333933326532666237393132643162643333616239616566343966393763656363
33656530616235353932323664383262633163316532343566653165303436343664356130666437
37386437356261646138626561373063346561633035666133323866393534616634356237356638
66373131323331636433373737626536326362643232306536396533323363316137373339346165
33303734376133646535613338386132663138613035393039326337303430303035333230393835
38643863383961393461616266373631373034303061663162613366326333653730356361323862
64656265333931613837346335393638313332326664393837646639303038353139336131313133
66386535653733306536396565636261653632373431663433333565383334386438656366363665
31363235626534313661393539636462346665613234316336646234663535326633653435383162
65326134643762643730373762393839316364313331363663613164646664626566343933613736
63336661656130396466643736616166333064343365666664303565316431636664356664376264
37613764356264353563626639663435396639313937353662663161363432303635613362396137
30386634623132613536393063303766623361623938626434383861383837376537353633303431
64333431636463623437626565643837613539333665363966393633393731616164656361633562
6364643033373764313163383735353235336336643566326231
